74062
4365
35895
49109
28902
33988
988
11310
77943
95322
26535
91216
73605
45475
35098
78153
28013
34738
56941
53245
94499
42824
21705
68795
79956
38464
55906
60208
62075
73470
61589
14734
78152
7217
44939
77040
57570
81822
9836
93660
18541
35196
84043
65508
19911
28432
1191
10911
47043
8923
11500
33539
38994
32110
48101
37457
51136
48184
62525
82526
12180
43495
9771
95782
28441
6717
5321
55764
28663
59344
53329
45719
55639
99108
22113
77608
99608
28450
10183
61072
70933
56270
8365
33401
49526
18244
31185
65013
5995
79204
87697
51151
99751
89340
30493
63832
63512
86108
14584
14599
37680
58226
68845
8940
88242
30797
96607
51146
93176
61344
48747
98669
68951
43860
69271
51296
55399
31324
22280
61671
49048
70224
81182
248
88949
27359
43747
60794
28855
84429
49052
48864
78490
19355
79706
55000
97137
39439
74557
12424
74914
40648
49206
94983
88019
78089
86346
11573
25948
1202
15450
23234
60935
75096
10551
92727
43855
57121
91425
22656
36157
99875
9757
35141
45750
51008
68290
67571
69063
36626
6516
6248
37786
80624
49018
11307
19788
80001
76199
75773
82946
45846
55137
75812
96947
38846
10588
85002
76999
91913
32999
49917
87737
13804
95667
30526
48568
19341
61737
10903
43184
18448
23250
70592
77546
46473
10545
14084
96664
63008
75564
93546
95214
55221
41030
67674
62985
35359
78177
58437
12064
23592
96004
55818
72761
19665
49969
32465
15633
22490
35419
66772
17616
70032
25865
83001
42667
13386
45910
81927
57870
2715
53913
66482
28802
18779
72825
600
36302
10157
625
8916
36394
84005
98102
81195
4363
61263
30387
15337
81234
80139
18399
89912
33381
74350
15432
51281
42144
21131
65947
36414
86364
79363
32344
99691
97262
57353
34397
13533
22660
57311
97909
80836
64716
43393
49371
63039
97115
1132
36529
28547
87472
36405
42359
69971
72844
45274
62889
87358
18020
11829
84699
82254
58817
99947
95944
9611
56515
65087
29064
95439
45947
29606
87908
70972
51423
93769
69224
11252
34087
87014
19722
20873
20362
58876
64973
51284
30810
79212
85479
55120
50171
50305
95052
86084
8895
5916
82529
72353
20940
40879
88399
94908
97871
18010
57524
35954
11841
17894
85247
58200
76498
46025
275
86248
21338
11943
13978
9815
63797
21924
36071
48045
41714
25114
7720
59862
88437
23286
96997
53595
82168
64397
87809
44367
15038
9478
40914
46694
87835
44753
70830
88719
52482
25726
7537
62374
91455
93883
95024
86594
51909
42421
7299
12133
84532
80456
77997
61976
28199
59747
64543
5579
30708
14473
64689
98340
53821
42806
22829
67498
71895
29853
27773
86954
40368
33756
51883
13900
74331
41774
42420
28531
38272
34819
64309
43646
41304
69685
54216
58661
34933
40767
33454
17223
49482
63431
60457
16900
28645
22160
53293
18818
31160
55960
87926
40026
65991
76838
35771
43404
19908
23971
64437
52082
14662
38568
42129
3878
34107
84988
39063
42066
25173
66346
80365
27475
2631
40067
15145
20862
24166
11574
64750
841
48570
43597
40984
83874
91709
51739
40994
82283
12350
8309
21098
21400
96619
16278
18651
56198
88109
56559
46951
81610
8517
28271
48752
11633
38702
10473
30580
90195
29887
18628
27337
24117
51507
25401
20477
99819
6486
60582
17640
960
36707
26803
21141
20387
98186
23082
76291
30686
35339
24190
37778
98562
1465
90986
85056
69546
67475
17639
25062
99010
38597
30673
64603
36108
45824
91237
57554
62336
44294
75623
6083
13222
47975
52683
68098
40545
68336
26266
37527
21231
77293
53182
59248
90872
5937
21699
3752
57960
60162
34501
60563
67231
37180
20743
68426
97015
49056
9348
76442
44081
22634
30989
3582
79674
24998
34489
43268
30241
28243
18682
18964
28450
74916
17329
5130
10698
69981
42590
23346
48783
28634
58776
65399
11423
17979
513
4497
63385
31783
46191
25918
39331
97925
58442
94066
82109
22877
23361
23522
27271
48209
92162
87223
91478
31945
8376
48662
79721
49198
17655
96238
77203
30531
34742
30095
22353
42033
59678
43347
85295
4297
41049
19781
61012
10478
15544
31118
63794
22500
3399
42724
17914
64325
68649
35018
28398
17542
51645
40002
37607
31194
85881
74949
16623
63421
71939
36778
38583
43629
49458
66876
54233
34078
46602
71060
56089
40609
66170
26165
24214
2207
74749
51872
70231
65724
3897
68022
52532
63580
47195
71861
66842
25528
65306
38381
41339
41535
56845
67901
97985
88347
9744
27388
16032
89640
90861
51223
96873
57207
20349
31033
43182
99213
71120
22761
25234
49042
63609
80642
11517
16696
70077
86357
21664
81187
80179
34115
67257
50448
16330
38550
51693
54720
1466
63252
73269
93043
79472
52550
88166
10173
2136
99197
58769
27055
79062
55919
90643
69358
55912
27414
75157
39024
44982
11677
29642
11761
50355
80615
13484
25890
57636
84254
9820
57184
9415
39352
77189
42832
76762
5444
77364
24370
65414
32267
8728
14110
47519
83481
32352
80832
98905
21871
90868
40565
98497
97362
96073
71456
92768
11185
5487
73601
50610
70632
42632
53820
41269
468
60415
21696
77079
92932
25856
14147
79815
51985
95579
23496
62078
50783
77734
83132
59594
70018
53288
35018
6865
13091
42064
40399
48643
51897
21342
64790
33901
65430
69337
9309
80360
13056
60703
71244
8880
16887
86859
85897
42253
12624
60330
67462
44830
81008
34568
99803
53865
17652
76973
46906
12905
99033
81324
17476
44074
76715
16508
1720
24006
81572
51618
86922
47250
36576
12523
44877
76057
22880
23610
43285
18879
23751
58306
79120
25720
72419
57574
54587
44885
58707
74416
11741
3419
18996
10535
36125
52078
31581
37725
89647
13301
32502
47230
71682
36730
52191
35566
24828
99644
6434
84729
13602
82263
15288
77958
9272
95725
17538
10507
685
72467
5701
88306
65878
4655
1115
50948
57889
19798
44908
30734
79773
33957
67133
50161
36879
85333
62636
66355
62920
19633
40509
43667
69671
70434
19230
76679
5147
11835
84
43655
37481
27219
99875
5423
19823
6609
89377
40725
47259
17035
90355
27574
85319
18043
66345
61593
78036
48710
21747
77259
47509
9959
53070
58856
34862
94826
61605
56254
30183
19726
9291
8073
78110
5071
82201
7871
93546
28373
68210
80086
36187
36389
41250
70620
92711
38319
84277
17729
68566
17741
98190
39542
95427
60737
61105
37147
63204
24396
30449
97996
38988
23699
18438
48970
96591
25236
97822
69451
3157
29093
47700
76036
64209
51165
82996
62529
43839
76239
6206
75785
30467
5928
2326
49700
10421
59958
78906
47539
92306
74207
79841
41537
44974
23643
17362
92268
56860
26149
32474
52783
54165
22013
34283
4969
70082
68140
76949
98269
96407
1634
21967
63172
3870
46237
34177
15486
64949
23419
36582
53637
58518
65825
44878
5163
68925
92104
62941
6404
80956
31554
70623
91790
75316
14416
66552
39234
4017
8361
81767
33842
49424
42099
86888
33557
86580
27444
69954
75523
36167
59982
45239
60275
11656
59110
7611
73411
31850
58647
75446
95278
40910
62736
66793
91730
22376
52461
91373
13592
76675
88035
52667
17766
30434
33794
86214
99404
87235
61700
10921
4174
94860
40258
25107
30140
13590
87879
19393
56590
86248
91519
90136
40066
85942
16267
95258
45680
96708
23053
53164
70807
32378
44491
67999
18232
17489
79029
22150
8413
15627
5196
10629
67738
21016
77757
72851
87789
55250
77047
28898
32466
10693
15056
11747
84832
6129
21166
9323
92981
81379
51950
55981
67741
33537
33547
81236
46426
28313
2357
30252
146
357
34042
32431
22738
46050
72706
23162
69306
36618
35238
92875
50340
8571
68734
84210
71371
63429
28050
39082
70482
92374
41484
31800
66117
71358
53344
79680
87905
94490
68306
86848
37436
48139
71925
89086
33133
8705
18256
38693
31115
24894
99833
77837
29468
4600
63630
55728
65906
82124
59962
61071
9338
66395
91963
47285
46987
44592
12455
82371
30679
61363
45529
94561
4117
66796
53806
6894
72874
88545
43627
78494
37722
14489
88777
16481
16161
95207
80886
93372
66685
86033
43437
50581
48628
82460
90962
34333
12636
60077
77631
4783
1151
60989
89136
32670
41913
61979
57097
24575
45876
98306
34020
26703
24672
5827
92577
8397
55868
71315
79906
79778
2685
63076
91150
98753
84601
67705
66659
15404
16180
72415
62774
64852
96911
78375
9831
13796
89831
77804
34845
9117
43557
63602
68043
66685
60383
70037
57816
13244
68278
68277
89048
789
29871
73943
80586
87126
37255
263
40673
89773
83619
23960
95517
67502
42852
63606
83524
70039
65926
99600
91490
23585
75715
27988
30858
5479
82063
97102
40762
52302
6718
64866
86116
89089
69881
75029
49270
16469
60450
42246
37294
11225
65166
85349
84293
39066
18634
26752
9434
40819
55470
84634
57895
66062
60124
51159
69112
97523
71392
69853
14680
20807
19249
51455
25887
35644
84637
25882
62605
54677
32987
54616
28360
94550
16952
83401
26648
22251
37680
9870
49111
37222
11329
74884
53912
95487
18067
25861
17166
96951
70920
30080
84366
66591
72790
17766
11075
21508
30994
54020
4983
5098
62759
37559
49065
9578
16840
75446
14048
96899
91893
75177
58524
35680
29981
64765
90857
97403
47353
83046
3507
54073
43887
87180
67024
21497
29013
38959
97641
4553
88312
40751
212
73175
50900
26886
11669
4271
34807
35509
61402
15795
93943
58905
83795
46572
77022
22398
11988
67893
37126
64229
73778
41187
44328
56921
49120
79455
36224
33070
60685
30516
22750
63911
95649
3975
15294
92786
58459
86869
34446
9628
61103
55946
15603
89802
9269
19811
68633
72123
53442
38768
32103
4531
47886
12933
80258
12670
30238
1702
87015
33178
86039
46965
17021
91458
9039
6554
63576
19979
32493
28383
34232
66351
65609
7330
23296
94108
15258
90225
31327
67506
94532
27094
56242
3360
10792
21471
75699
12989
50022
45614
91562
43971
93641
41341
53764
81536
17624
49067
99543
17716
21275
10599
36804
6668
89242
69653
4525
4940
67165
79232
3191
96258
30427
22330
1574
39182
51045
85508
41411
76185
17747
88175
38286
45867
67353
39193
73521
22086
80919
59767
19746
70501
46649
59705
57218
79192
14722
9945
6505
7384
12733
52401
78754
19458
65264
80911
50884
76669
35715
74828
57599
32657
1480
89837
95062
28234
16405
26439
34564
87027
37822
60799
45503
9136
48850
19454
54788
58317
18851
8803
68136
3855
14411
70842
1011
89650
24516
85061
61486
74155
84060
77885
31387
37039
66979
67158
46973
54035
33363
46756
67474
98763
59451
45267
73726
75091
67642
6596
88407
58701
54202
4758
72530
84390
9713
24248
18593
15552
77044
32168
42757
50744
8723
31095
13012
26445
80177
96590
33843
78464
60977
93993
48549
70047
96566
67265
262
78996
16869
3800
67285
9688
48
59115
17353
21049
18608
77580
306
36942
65452
99582
19756
73494
46422
36623
69069
2344
37393
31980
18340
51662
56751
82059
62189
66442
86708
7636
98257
92797
11935
48438
89927
59104
4662
73188
9697
24464
3381
13558
45619
79487
55163
17591
64409
97296
16277
86711
28246
88544
1376
97071
57584
37327
97447
16482
16545
93112
74622
94700
33942
51951
84836
38171
17979
57174
4766
16828
89678
19697
69260
60408
95427
13686
61253
86517
52852
64586
71720
3704
85915
37010
13470
46392
10147
56192
50646
83577
88776
45790
74010
62362
77586
95129
21169
19262
7029
11828
1062
76978
49619
96263
74046
50444
98673
32019
33623
22786
86373
13583
93623
31795
24712
60432
62614
6756
44761
48031
17308
25089
57555
99400
49530
110
55793
51080
63085
1388
98129
97426
24100
15165
3566
13331
9112
94626
22662
49158
44113
51497
17190
46975
96825
77115
81741
72697
672
18731
41484
88431
42787
83676
52162
37472
61366
95628
65622
3633
95816
34955
2652
33562
51336
5681
40405
97989
86375
62556
30216
46692
99073
5770
10918
63040
15686
63599
41617
41671
12287
57992
27796
17215
29750
5162
83211
95677
94817
38765
46015
76719
42200
53051
83802
63291
8139
29846
93418
3906
51509
79920
62020
7185
89274
31352
38868
59061
5797
39282
83098
61929
49792
48858
24951
40876
88303
59513
69711
64059
53819
7112
63006
69824
75444
53798
11942
38243
59824
64976
75878
73308
49657
33432
19937
60795
4561
31406
82473
51734
34092
7147
15746
3876
47654
69581
16749
89305
53355
45166
62085
20491
29917
63019
1307
29190
72296
76463
6804
32473
14676
87485
92134
41997
14672
38858
4014
95761
75203
71352
96839
2731
15943
46203
27754
70644
85827
14403
62615
21169
5658
87870
55511
55127
23899
55525
71759
39528
95314
75454
80726
65243
23885
85838
50721
59395
82361
20279
72409
48299
34840
37164
81386
43002
62014
18553
94565
7236
20146
68138
26121
48047
12916
72793
14683
35141
65745
43088
31888
7690
34697
59136
81822
58434
71181
2269
24670
11472
60085
56028
27365
56913
80905
14051
64345
20565
77744
53563
90156
37878
42955
39924
76951
17800
58331
89604
99559
98489
50540
17104
88088
61591
73909
74465
85823
15485
87534
96649
82575
87052
4502
56315
4827
51222
16622
83477
3258
67122
61485
27254
13028
45172
4557
3213
12128
85775
80891
54365
85310
96921
13790
83056
77214
18855
30156
44234
71180
75059
45461
38041
32518
99117
98129
68760
23871
36413
16887
68880
51333
49640
98470
95088
70830
96736
23554
13911
34689
98106
41664
28356
1950
97546
28835
69987
70499
41660
25606
26154
91755
90092
83637
36992
94810
10786
79997
19870
63401
23925
99032
35775
27315
12671
52780
51990
3619
69575
39860
46128
84715
50576
35134
80645
63604
6761
40356
45349
64329
42336
13498
40563
99250
24996
57258
72267
40692
21931
54425
49302
39315
36416
3488
70843
50647
717
36584
56115
42606
66648
72220
47441
36213
19447
55199
83102
92120
54858
21770
79381
64090
60287
25238
42952
46412
18732
45434
96267
2897
51316
53083
4332
77127
41149
83084
18528
39084
54919
21343
95712
19868
18167
26941
58991
35757
38348
33997
54086
56698
82900
79257
18028
2496
2617
35408
71392
22993
34861
28570
10248
65288
16663
96605
14246
39311
84582
2246
62299
50345
11593
32769
16509
26789
63122
10998
30615
40057
31158
19212
26834
52657
98171
71176
78710
67491
2606
21127
64006
6491
76122
87503
93611
70719
32743
24043
14957
83677
22026
21456
58817
59401
96195
78072
47557
94569
16678
79948
59841
36830
32371
48946
65218
69740
49336
51314
37155
55593
4759
19890
11185
84909
24319
33542
61144
2892
900
45776
77028
78661
71869
942
29234
74378
16045
81976
21032
53158
25574
65167
92354
25341
13005
46654
85746
93548
60442
3496
61053
87525
55538
27901
53909
58745
42781
2902
58891
69827
99298
76378
64296
46522
59984
90083
54784
10932
94045
99475
29268
71525
55565
22171
69929
90714
11968
8207
27093
77086
78161
44926
61600
71532
13196
1592
13945
88452
69409
36545
93637
4533
33429
43504
34762
94331
51898
88288
29751
1034
25257
33543
31055
70994
37672
57920
17121
24630
84742
97937
18234
73367
47040
74710
53720
25634
19461
86416
96944
16010
7074
27211
6825
25402
1273
4877
65701
278
48147
69398
84179
44775
96019
56280
28198
67574
33569
49044
33587
2238
93197
22797
30151
87403
66812
94477
79687
55567
78194
60231
64249
96666
70153
8626
22077
46625
41253
52562
81466
40594
20990
42854
30809
88927
79365
95486
85714
3890
2337
16684
99652
13483
63677
72015
76984
44454
58742
83668
99913
22729
78634
59220
88107
58286
59088
55948
82003
8885
35220
45347
5507
94781
79540
27462
43381
35254
78395
91832
75165
9851
480
63284
88425
6215
13281
3023
94038
74518
7683
25658
65298
47040
92536
1450
93169
84831
36653
95401
28606
46357
32512
2865
65954
24655
10905
69798
51958
90726
13161
57671
66114
834
50847
98179
91528
14780
37934
29589
75986
87681
81816
94914
90690
81383
82085
92107
16083
6176
8740
97369
65547
88501
23349
52767
54347
2446
67444
15057
87912
60370
85571
41660
85742
46848
71842
80822
71114
74206
2651
67012
45801
72281
34604
60376
18735
78022
31225
41687
50708
98978
30607
4386
40995
1884
27226
74054
46705
62060
80866
73434
38346
59573
70452
28926
61621
21234
77726
22361
10292
18431
39591
88818
23323
63239
45657
23784
6311
6683
92018
71171
9268
7270
74326
85101
42061
90433
95279
85499
72335
9794
93054
95899
49524
61875
31082
74082
9865
44757
33398
40434
64377
27582
5017
8566
15412
31893
93284
43464
3688
89063
85306
7022
45506
4847
54457
71985
88505
70294
44063
95633
5021
21723
31753
76875
49042
53471
44174
44863
72301
9446
79338
70149
6152
22617
56096
3617
40701
26265
14095
43651
88052
66366
64145
63571
73970
49208
76283
88141
35575
18440
56430
9690
21587
17341
65983
46430
60887
72280
27650
56759
52197
12921
49604
97212
84241
3730
48878
26590
6114
3158
51872
29709
92250
35774
49330
38740
62224
4948
86917
49022
75833
15276
62909
91649
97159
79084
27025
66437
70268
32589
69037
13174
48136
7161
7200
74291
8762
95349
28143
33088
17908
70896
39291
23990
16108
12078
75819
3193
18440
38083
33452
25234
10662
58486
3016
84379
8189
65898
57962
20863
99609
71011
14296
1076
49626
64429
29608
67987
81065
45737
27237
54855
94719
3800
57362
33635
64830
97907
10561
29746
20385
64345
44257
92647
19557
28647
57325
16485
789
75636
24541
43671
70490
79335
51571
74726
82965
40828
44602
19294
4578
89179
84206
35760
51148
52495
14477
80844
98988
58138
81082
67371
83262
12428
86904
30410
58555
94208
58256
30370
37063
62503
74827
75099
66758
73238
1755
13056
51743
72103
87716
65197
98109
40141
97826
18892
88989
6689
65055
84320
82857
45327
53942
26530
57278
82182
72439
36725
1246
44585
50737
75074
34714
67115
51503
89013
88588
37390
26599
50537
75157
70256
13757
25779
78023
9848
24782
61132
12731
44804
48124
98287
31791
7242
55546
57729
19464
94787
10056
65537
79556
60218
30982
63753
82498
91431
30478
91218
68157
98457
79290
45883
91687
88528
43213
54784
21412
22891
22026
86437
8108
77767
85328
33089
15452
25976
50513
23518
93539
90911
19061
29613
20924
78692
6283
14872
31007
73733
31959
61839
56765
52358
50242
5810
37640
17379
6922
50277
40052
54390
32892
46650
33088
75000
16840
57094
72696
54576
16455
85247
52456
47804
46921
78950
47350
70230
72192
51528
37621
67274
65974
72492
15621
57978
9737
25888
66275
42776
4077
37288
74088
43472
8035
47441
52373
11652
66528
34794
95069
43219
90989
94931
3218
82371
15888
15103
1207
60391
82692
88362
1918
77684
2757
49376
65818
34766
96558
11448
45906
80288
69277
86899
86769
52689
23427
70507
9988
42879
94933
54108
67586
53700
4332
15803
56578
65294
55721
40188
54714
44946
72235
38475
37146
96232
51271
68560
73660
74973
28688
28419
98923
55470
54946
5180
96757
20908
78660
36431
17470
2769
7715
72322
89117
29058
25661
59048
33863
53122
29778
13982
27814
83149
39247
99756
49563
70648
85712
66107
86998
19805
63220
10950
36509
95182
54326
7773
36403
62157
2311
69595
46597
62336
14549
56307
50474
25484
22013
27828
71486
54733
98569
5603
77828
44938
22986
75753
38858
28544
39399
30162
70950
65281
79693
84640
70648
15323
51926
40875
55033
78403
13350
92562
94240
13390
14383
99953
91578
68958
99581
22571
31960
49404
12651
11217
63998
63434
56327
39519
97890
9152
27418
11655
81573
83170
33628
45032
85987
62484
61620
93696
12092
71534
75147
42003
52267
66759
11704
63966
22467
80386
20868
10853
30891
7651
58804
82838
81826
86058
30556
49895
66132
61629
35629
96760
69966
28474
30114
13565
67090
39049
83201
56033
59234
13621
68621
19748
34834
16604
57366
35096
49177
43625
31922
7487
64918
52301
8017
81146
43261
54958
94160
84916
27794
83854
41686
47826
60730
94143
56574
51986
54428
42011
84538
65468
37973
77220
57003
70975
11028
5823
44198
59482
53441
65684
34141
19027
53083
57969
59334
88213
22102
81969
38555
42531
61734
3468
68378
43316
83586
58384
18424
32595
19580
7155
93084
53248
64426
28464
97116
99869
30827
98393
63454
40917
29239
84758
55079
66091
58499
79600
9052
7913
94637
64038
222
41853
52165
441
52067
51126
83580
78102
71052
45463
74273
77416
93729
11797
37910
34101
6958
89823
33499
3924
84718
53779
40167
3561
45608
68766
1931
16619
1332
93499
41954
73647
57003
70573
29953
29472
65531
28088
72749
82017
37696
80830
41202
97282
63501
63231
43039
31500
32162
84793
827
44647
77631
18568
68240
38125
59813
16107
61416
69217
72994
56491
99277
73428
12392
67974
45128
85607
50600
95598
60469
55482
85521
21824
39752
93823
74129
62808
31567
640
864
9355
53406
34907
43902
69120
72469
98263
95380
17914
3774
10638
16456
80836
48206
90347
20744
66126
30933
17478
89361
55124
41354
73395
4702
37134
60572
22606
91514
77398
9710
31538
60772
28255
45338
29872
16475
84028
82275
43735
28801
71217
26136
85354
80831
53341
87087
39541
31377
55734
67337
86212
41558
43332
50827
36982
39850
29580
36986
40745
49157
47293
37288
28162
25728
13415
89302
19218
34262
88173
42469
43326
96247
76478
53000
12560
12705
62328
41684
2292
62519
13017
87180
16754
4768
77970
24675
80775
16570
14000
71270
84904
12913
35273
12964
17139
9748
13961
78559
40097
46642
19380
64220
91440
28213
61080
25409
99398
57605
12971
43090
85945
38061
14017
88253
79223
94928
97009
18734
46583
94510
51807
78626
81597
28517
87398
63769
51750
9095
28428
81821
51897
87465
57753
5014
28365
13820
28419
13214
18438
52599
84971
80485
863
18102
78252
73384
69127
25747
51379
10571
72173
53666
15452
59416
50764
41307
61485
35217
7552
37775
94915
21549
24598
76575
26571
50721
86083
95259
94901
99464
65828
19883
87790
63707
30620
40365
9106
74584
51771
93352
36382
35675
24904
45832
72995
42925
35524
35992
60157
45809
35466
27391
74302
75037
35470
55176
1537
13222
40043
82376
29673
34160
74276
11894
6614
12458
11461
97136
73605
29376
2653
41118
14589
10944
66464
35002
88148
11464
1397
88746
30348
62132
92944
64234
48044
62518
84006
84901
32269
89546
54236
92693
98517
7130
11772
23701
52893
32575
58302
1061
97409
72287
12829
41348
40222
56054
16307
76301
75339
89945
39428
12229
63425
45092
13622
84218
11144
31058
30514
35054
94038
58812
47876
81826
82975
30045
73229
365
26653
6035
98353
91445
78243
54713
36686
5221
51859
86404
53156
83870
78971
71369
33088
9246
91939
11693
11664
84519
83074
64316
79781
46139
91729
63438
793
25003
93250
29527
52724
34546
52554
22736
97089
30348
32644
5356
83687
52575
53421
74470
5793
75330
71285
56388
4243
21615
23728
47532
49487
80237
28331
79012
33355
34890
98162
26440
45930
17650
12883
97183
6689
93639
34034
28880
46708
44778
1686
855
77002
75926
13951
50464
25045
37260
41159
42072
87167
71672
24023
89686
17974
4702
77577
16731
73851
21801
14419
68483
73889
87864
48217
66900
76541
22147
94841
76711
54485
25794
34422
4082
32725
8487
10224
52770
19783
55329
18497
74402
23512
97170
73819
29069
34349
44042
82654
79006
68930
57543
96394
55634
24556
40505
68014
4093
81828
4700
86270
67857
46591
78616
50886
44312
94216
75925
76296
46951
82386
90321
82760
46359
84705
60394
10782
40124
18935
63216
5232
34823
85836
71444
83842
89650
13060
85187
48218
74251
59913
18105
74657
29370
35750
38693
86652
35084
42685
1369
39009
86435
8856
3430
73988
79628
38098
77478
89196
47744
65874
9555
8357
60477
86519
75201
36952
28122
90991
45544
43628
91409
44400
46622
8026
99674
82278
66379
60691
51889
72530
75721
41930
97849
10025
81296
56335
6226
1334
47624
90919
53355
7059
7168
75642
75093
61053
94085
22679
56017
91895
14610
58853
11232
70324
93322
20144
59736
57257
69642
21917
65844
89314
81005
82031
79959
43418
59661
26672
99670
65809
87645
97565
56380
68994
19554
24683
65308
22980
59459
76234
28363
33544
50806
65749
79287
98328
11140
52533
9125
82122
73524
60867
40408
60382
64616
91511
22235
29969
20783
54409
22785
8298
32750
16509
79411
55117
92073
84026
99828
84181
8175
34178
2998
94608
69719
49267
93414
45542
458
35030
7372
1922
46298
69870
85510
25733
20769
86096
3186
26433
32439
18205
92412
58518
12383
41959
91796
42308
44567
34862
68091
29156
39998
26932
15264
93656
28579
57546
48853
79560
91126
44138
68061
96687
25461
75462
41156
51764
77105
50518
37133
24358
13086
44524
9673
8770
24290
39135
5268
40005
40018
90335
83152
78725
14994
36081
65290
57217
70307
77035
70916
71945
46313
89220
45828
25557
51998
26538
61572
31508
61077
18573
59728
16583
32834
9240
31284
5544
69669
65479
37488
90609
58111
99885
99037
17156
5491
87872
59136
7442
66769
3205
97209
70820
90093
82577
81742
23120
97347
17737
24963
6119
15599
31580
67933
32592
45633
78108
79563
46968
39672
14750
73044
66708
89260
16680
5481
82140
97329
47488
75109
67695
14092
98843
74416
71769
88112
72263
22784
26053
2202
64141
26780
88896
34598
96909
57389
41976
88787
62813
29387
4811
38187
21064
92921
15673
55013
4990
85407
77434
52721
46701
23594
88425
13770
29245
71338
13418
19481
81136
59559
42837
83655
15495
98516
56834
21373
36726
1290
66545
30321
67472
81997
94918
77749
94720
4180
80117
74266
22011
28951
68505
92544
24106
79544
45591
50149
96225
34091
31790
50302
52169
53582
86611
8211
24347
1809
51897
99594
22340
38404
99240
768
2313
13453
59105
18796
35172
46146
80668
71035
75859
85458
11572
99543
14572
11223
6829
32104
92942
68289
82504
8218
95127
29333
27271
67853
14220
40299
13898
62707
22534
8139
77758
60004
52925
32180
10879
17251
23059
73237
49034
66001
56566
30835
27574
42473
93751
55332
3830
84765
38603
29877
66747
52323
75804
21528
32693
26911
41724
83256
52949
58352
48942
76572
23689
49076
95916
87810
37664
53778
85539
37387
28902
22157
75677
32511
6345
84003
81613
85901
1806
98396
47928
38214
51016
53443
40061
28708
92281
22975
66446
19262
40485
28671
66163
57832
89563
79625
77178
61739
71818
38939
82150
83781
50814
98767
43895
16238
57582
28965
82218
70131
82410
16246
37939
50327
42048
37133
22757
95153
52038
79686
55434
87819
82590
18029
92663
20849
67006
79206
54204
94049
61501
15297
38107
75103
14336
91218
72697
89615
32456
47628
70960
7735
50266
74659
32653
66819
95218
19223
48774
95074
56840
98277
75805
70718
77065
74400
25033
46873
75288
93748
79722
79566
42379
81960
8908
83341
69926
30790
26819
44509
4751
72073
58585
53369
39811
91443
89449
83066
81138
7056
2231
87357
67424
3571
8111
98673
72336
23910
63927
53756
68307
52040
77785
52096
37224
9163
77171
64539
82317
94007
33584
23417
78927
50372
23645
55360
48385
41453
34068
48872
87220
29409
6518
56070
34539
10016
6556
96094
8278
87403
71782
29956
96255
2418
84462
99898
75387
29130
78122
24327
51078
67082
15830
65635
44701
60711
72311
12104
78038
50499
90052
53889
92461
11910
79380
17340
10324
16522
83833
56031
71580
67269
69001
1898
24742
24730
40079
6886
97156
64602
39685
96862
9985
93501
49221
64505
97231
53776
12457
57359
57181
15337
24296
87627
13933
91208
74103
72303
22975
39814
46591
94078
12721
91338
87744
30485
74309
24505
34165
24427
66692
64503
61031
41501
51750
63967
56370
13617
45041
39093
801
79291
74654
75039
78073
7134
79787
157
24218
21935
85474
17259
508
30935
88090
7045
40438
98391
32869
92421
2403
78295
32557
8740
18672
53520
46992
26526
5588
80917
88316
75029
60824
24132
316
58394
89246
61580
16352
63186
38022
34235
84802
9837
19586
20934
88829
545
32816
48281
93914
10901
45156
23648
61602
46155
17268
26142
74495
55306
43799
84749
12263
87267
72455
75495
83821
52430
97535
14947
4826
13305
18651
25132
25891
95137
29336
9348
83985
56009
63227
30166
65997
226
31551
53365
91855
94547
17868
87194
10967
45877
89037
44709
38136
26941
48625
14658
18089
98162
90598
6235
32168
4795
4858
65390
66485
44891
58724
88335
21577
73733
69820
96787
90194
3914
38447
58772
84776
68113
92178
54437
10428
89445
74274
84243
81733
87776
30770
20004
2543
73147
28977
20401
82490
86864
59084
16749
71002
53032
99375
78154
63067
50071
81571
69240
76910
81329
70962
88241
56700
18834
58324
56673
13089
46293
31061
48924
13363
44720
84593
75320
65082
74684
15508
53050
75473
88600
61479
31619
63505
63141
22382
29580
72087
94755
98370
443
43570
21102
26747
42244
10665
40789
94141
59041
32857
10525
4002
22477
99624
17014
67311
42785
98284
25905
33502
49739
79089
53367
47746
18721
55251
17154
33357
55775
60031
11168
4333
63264
98430
4027
52799
59285
44942
44943
23152
22381
54630
58106
74229
87680
97269
82151
65268
69020
5687
34176
21577
96465
45930
30373
2597
9401
40143
56970
48102
53798
53206
78307
82260
59871
16062
96888
94780
47423
4903
8274
32262
32469
21540
64775
74060
47739
43917
47912
5630
84416
58630
61577
10918
92528
6709
91367
99483
81970
79969
58224
34579
9361
45638
93706
2993
40685
60600
30874
29176
1424
59015
84066
21903
91597
33743
39224
20607
37163
68175
29919
3501
29773
74164
59337
16924
32505
51198
3437
50520
58192
50958
24177
31970
80738
20187
18366
87608
89248
14506
64675
61766
19776
44017
53115
86553
97961
48231
53601
9835
31359
10027
3476
2737
32994
17918
29576
20228
32313
40278
72712
68315
21000
5111
18789
16158
54210
66312
4359
99744
8996
55453
11178
66123
14724
87731
68425
95275
64527
70851
97794
35919
7523
62734
20783
30879
11361
19271
75828
75192
11575
41473
8248
83197
70286
91005
40186
58476
87469
36746
26288
32454
44458
68612
40170
28459
92587
59069
78539
75400
9765
13808
11548
66577
7138
72932
2672
89052
56852
26511
81718
8771
58047
12613
89254
60460
32548
26780
80042
49011
80006
53607
255
44919
59157
27988
56032
5642
22929
66385
45212
11725
76494
76370
31343
65346
28371
72649
62630
62255
79600
87733
27708
9754
11856
46473
96205
99927
23645
45367
11922
6806
58193
50178
56248
8829
11863
83212
8883
94327
29684
70159
31817
68337
65826
98416
84947
12514
39091
61744
44960
52158
81246
88011
48885
79062
68995
28436
37440
86747
11721
289
47282
15401
4149
24165
49518
93546
81022
51016
32936
22873
4306
883
37101
77711
22416
79031
51755
33696
86179
95134
11392
49198
75647
3792
79413
29213
46606
59979
44022
24822
15482
46232
81629
48141
62196
30037
51715
76031
2281
55901
4830
25793
17558
54318
54263
73218
31660
98235
30238
88576
47198
87555
71480
8313
42569
33155
79606
94526
43741
22431
99315
76053
86939
36146
83238
68999
88163
26670
18686
965
20370
13032
79190
5386
84836
78635
68874
37983
60867
19795
27004
19193
61731
89554
53626
42080
19102
74849
46080
98195
94297
30233
76135
74790
85454
31072
40411
69370
78027
42660
15770
48454
52222
48494
9703
21413
43023
19659
165
26361
81146
87055
62529
247
12921
13198
98189
46263
38464
7108
3470
71890
85937
60571
16372
56824
78550
96822
40254
17539
61040
92011
15241
88860
19501
59587
42392
37976
89702
61862
81659
28707
60380
579
47958
87562
95458
46196
17481
13070
67442
70942
80439
95640
90369
73286
32442
60766
47966
21911
56240
50280
96155
43659
9789
52685
37283
39348
84471
12922
10908
52333
2326
64287
76657
90549
2846
61146
91827
80523
43874
9904
66596
1991
91923
79363
10531
36709
4835
26682
27950
74982
82909
4351
85873
28526
19978
43805
54976
88662
48618
43161
43526
10030
92424
16541
7546
9338
1387
40913
94875
15076
39211
28382
86077
28978
7309
22937
9855
68655
8057
40197
62201
55115
32785
83060
9525
78351
65114
10064
88869
70721
4279
82952
71190
41974
7302
40958
42185
86522
40875
76565
33273
42213
31209
29143
13456
57088
39635
37110
60728
66158
80173
21726
5144
94636
80215
36613
45981
76765
38338
81980
9222
69209
75855
70915
15309
54646
88772
93973
69995
71276
18214
28878
80917
56634
95419
44156
69025
39381
38102
88993
95017
97652
49043
41198
87962
30256
43974
65984
80445
28030
17845
95733
29726
93838
28519
62736
74797
13623
26552
88068
10677
69790
51522
812
56637
3729
38303
6080
9930
36469
44481
28813
5391
98334
87780
55410
73592
24717
51398
11509
24565
67804
63682
45217
15936
67725
29074
73583
43384
78794
1873
38108
93664
46545
33011
92956
83938
75746
68978
78082
55948
48342
80811
66712
41138
23785
68489
46905
63267
22746
29448
31664
91275
86097
43979
25667
18302
34936
95438
94932
70638
1036
58017
27053
12474
54699
31446
84524
83633
79919
35288
89885
5083
72356
20236
81171
99287
54327
90999
44992
26811
89662
75899
6996
10104
83882
43010
43556
39617
16062
65562
35377
29625
55770
23335
14343
1805
21744
96886
31160
82681
90767
72315
13111
74988
67895
42790
35034
33673
84461
45006
67986
94550
44841
43673
46881
65757
92348
73010
60456
20926
58206
24147
74806
55316
98291
24375
70593
55166
9721
26124
97851
74716
2584
81164
57926
85495
24800
58873
76302
85966
86778
10211
93866
11949
31407
32124
2320
93637
98069
2162
2952
214
40922
1408
45520
68788
83303
18759
33871
61361
46950
6243
67758
85816
49455
46903
5500
60587
36020
56418
74023
86119
66848
3395
87192
76177
94154
13590
95404
18168
55826
47540
94039
97375
10388
98342
11127
57541
20800
8853
56105
34195
3482
51766
37424
98005
8597
47029
70274
888
58470
90332
77202
23100
1565
9925
85003
81997
31391
43821
37105
96357
84479
49168
42654
64928
11896
13151
30323
15739
69329
32564
50916
8510
49715
57935
78253
98876
36608
93694
21775
6625
76561
35174
95060
19634
41538
76521
37296
71809
94222
42799
16588
77994
7199
62030
68059
97193
78698
27417
88489
19654
30212
96524
30769
46611
25538
93872
73898
11593
71013
69474
30702
94201
67343
45838
310
21153
76322
38859
43382
71801
16306
26932
97271
50345
17199
87261
9434
74297
33663
90728
2539
28213
87859
99071
27325
71670
8629
45981
3278
41116
96039
63122
56730
65068
56193
32246
77452
55110
50251
66077
16327
50577
3297
92733
21513
83474
8805
64580
3864
10623
14748
7441
34882
58652
31782
49545
88899
21775
73616
13000
90499
97190
81719
43008
55756
71645
73138
79859
99184
55062
38351
54082
90204
84933
56330
25183
58809
92125
13836
22193
17489
84669
62158
74614
42152
97568
45225
34269
10253
55036
41661
79992
28679
53031
88774
53895
39817
82969
92849
96809
47505
22580
53740
11401
4335
2517
49487
70013
79238
95694
75115
18491
72061
67212
55975
30083
10282
95483
79598
83522
31466
86663
41898
82979
38965
67527
88650
28215
7270
36820
85943
77215
88795
2295
17047
5766
88077
50048
30169
46333
26351
23034
32935
92799
65829
92355
22497
91323
7595
24259
47587
92125
18480
84989
49425
88309
31756
18483
26452
17866
20569
51808
79997
95932
80643
54851
66399
80388
60827
88631
93123
71623
63565
90365
25630
18939
76694
20433
44871
527
44384
58978
28199
41974
10825
51460
86054
50012
35059
53025
24239
68333
83212
11215
23414
45228
45405
68788
45571
34755
5933
73039
51225
71770
85439
60419
54454
53356
7062
50630
19259
12520
83161
8825
2675
41984
44667
45514
7359
53283
59596
36052
97474
10423
74363
47305
98535
17461
13346
78224
74890
61519
39782
93144
37615
19754
41784
99205
66114
51608
69272
42046
99708
61768
16878
55901
11745
92973
79026
74660
29272
17691
79588
60663
47626
5992
95160
68377
83326
73521
24463
66855
34429
6255
99492
54106
38177
30187
66030
18715
21296
30754
15224
10684
82335
86258
11905
78983
80862
2069
71717
50923
48036
42217
98393
55574
35521
76311
91450
64154
43117
82351
72444
49559
82740
45513
35597
90945
65705
45157
4704
62664
80087
94573
836
32758
18075
42651
91193
16428
57879
51818
92784
29229
3790
97401
6453
99106
42032
59546
97489
5620
52564
79021
65472
443
62201
87236
35333
24177
39422
86716
23637
10990
66572
64028
39938
97177
54525
42079
8878
61001
9558
83525
4518
46189
25578
25363
63683
84011
86578
49508
74151
31519
91391
38024
8614
5372
7350
11467
25878
27867
38888
91378
90018
99984
41859
70054
84728
45203
23509
78943
7936
73792
30681
21583
40452
9205
66719
75756
37239
82937
79321
13175
86916
59893
24156
84304
76505
19745
15591
1281
65290
25010
53798
41716
95890
71469
3194
18378
41790
77781
68753
81218
29627
46150
88579
28488
36683
66978
94341
4320
36917
35797
37417
26153
7871
15842
39851
54776
99109
21735
5884
16380
12944
4010
63244
44
64593
49578
65872
87261
75024
51262
17647
8856
16471
59834
64225
56343
53966
26792
75840
91554
20195
19341
11374
98631
72335
12670
26101
49780
91379
81709
62687
38560
87931
74153
60154
1288
19938
18469
11699
22132
99429
17293
24254
12576
22004
21283
96654
33973
37462
3129
51293
58129
42576
76439
36344
51199
69635
26138
46947
21602
67865
28091
32191
8675
62499
48443
42132
11309
30317
56296
37183
46876
3675
97288
22093
66942
78117
43054
31351
67236
82665
29533
5169
84335
74811
68572
12222
29668
43448
93227
65451
84741
25954
77827
30735
40941
32113
90704
21623
59400
42977
57790
33221
17727
95588
59744
13414
90529
87603
16986
97992
10860
44377
49280
48238
34683
47556
38045
68254
88649
8100
80694
68665
97537
51543
97874
28095
57725
64991
71104
43211
15861
30955
58737
14286
18265
33098
99021
52530
38892
18634
86088
59300
39350
30246
33398
46151
81707
8528
57063
41742
37099
5
8489
22176
6875
97137
36763
74745
8072
13469
48959
25138
42417
13527
7158
17688
62417
99194
70748
52673
64841
68613
64636
65596
83741
23606
63281
75096
25783
81999
20993
73845
54026
64823
10883
95385
76861
42080
1133
96587
23078
71461
27757
44260
83266
43558
69300
20499
50114
399
98868
41852
87417
73578
2949
17541
51921
35347
87913
44288
32064
95594
63505
67350
74628
11513
98100
7190
98350
11681
1744
55180
54560
91543
45813
97786
23496
67815
98775
6647
49289
27516
35222
96370
55085
650
59790
74657
84385
80755
73195
83892
32070
4767
90563
91193
94097
89098
11147
30563
28801
55351
60140
31846
60589
11332
53240
64157
13332
3310
71526
68006
259
14221
3288
12346
84854
56216
21926
79414
56435
48722
64248
50087
19500
6812
29818
26142
47636
4296
79813
4136
83510
85785
43724
99823
87564
84204
3953
15784
56287
65766
79140
47502
9855
41724
30680
96348
35382
15596
67887
87773
6454
20625
52378
23705
26702
46568
58730
86773
67752
93552
27618
47135
87817
29377
74129
91501
25401
34287
96602
85977
75573
52973
7350
48350
56608
11388
56344
20700
91891
31492
79100
55655
91539
64068
6915
89763
77615
10119
48848
71939
94611
25030
34587
76998
46418
47126
83989
46359
65714
6601
48195
19909
30121
88825
24048
31494
13074
97896
446
68373
88226
90366
63865
17495
92831
6414
26515
19366
55967
91285
672
95847
71237
3014
10614
68744
20858
92849
76649
44217
6664
92697
9572
88914
47101
32167
11238
82419
85053
43625
97947
49165
94689
20408
73106
38116
11092
17652
5339
83977
12603
79096
60050
62245
95024
19743
19838
83183
47141
970
73764
49272
31165
74244
79079
95788
37096
89317
74133
52718
83867
73942
63796
50266
12327
63887
69466
22989
15125
8864
16068
77690
42863
7309
28013
12713
11708
63347
61040
55982
28950
67976
48767
96298
88587
70450
49551
53434
27178
17030
59309
41156
26048
83830
45277
87993
44186
65285
65478
57493
11412
96604
20473
85114
39011
38988
88768
80695
59909
46133
48433
85797
12733
85607
11212
48714
89681
46302
94177
36146
38016
17650
92586
4108
2070
48180
7178
79248
24623
87654
22775
50758
65350
91357
21398
88641
7702
30708
96181
72126
15321
23458
62103
39585
52674
68114
71802
17746
7297
49076
81043
61063
41659
18143
72255
37312
33869
1668
25537
67098
81532
52590
34186
23159
78725
55139
98596
35881
3804
74745
69222
2112
78198
80707
86431
70226
10990
23973
26868
65512
83096
9394
19517
84121
33366
73564
16749
70603
47374
14859
29832
41180
12071
95936
96587
20596
87664
29782
54110
77895
27293
33315
28740
72846
37012
32258
96
55755
28664
57426
9006
76150
66499
37560
97539
83267
33765
52877
10973
15015
61274
41229
26894
48299
29424
37589
32000
8333
62115
32323
60758
70628
53780
71124
17642
21107
13651
3524
42747
40762
92606
38295
6800
47413
3505
6471
44148
28537
38608
73292
58270
30407
75067
68398
29201
1885
18320
66718
86677
59730
19294
75666
46015
88162
81672
54885
43215
58755
5720
59029
94197
26738
65592
81503
62055
38887
68803
25021
39300
31924
40224
27785
27318
93124
16548
39930
35677
25451
35225
46594
55720
48696
38366
62832
9507
63748
41505
47179
90940
51660
5561
88548
55645
80213
88622
50562
42732
16569
85192
88930
88332
33465
84465
58053
15791
96760
32652
29503
27870
61015
36545
75450
48697
36962
2523
83797
39029
78976
50225
30460
93085
9450
14930
90049
10887
35362
65915
45785
69333
4655
11679
52896
92933
38763
25556
54567
55049
35274
29826
81649
72848
41728
77436
72315
76795
62685
30380
84932
58880
726
357
17563
33864
91807
78997
99819
25278
70554
91645
38853
18093
29292
98487
83460
2180
16042
49206
40866
76381
60624
50262
26127
32351
79987
97042
47568
78094
98421
49134
76086
19260
8217
86748
55572
63585
99380
53724
64245
58651
91760
285
38695
33606
68093
88779
6923
23954
93319
43083
53370
90879
45957
26531
23677
26654
12724
61769
37579
45273
55069
10018
94904
51881
3563
43915
86207
51231
53530
62302
70106
28192
90947
36644
82309
60017
1247
90347
1807
95739
70435
43639
68380
74541
14802
32785
81881
68458
65743
10766
5676
87231
92484
81188
80568
45359
96391
83128
58721
75308
51095
4629
88829
40099
97064
11614
55403
64207
26412
7711
59502
77233
24117
87255
28285
71799
69574
50416
96033
91587
33681
11098
5789
10485
38172
14829
74005
79518
21151
42180
1722
56535
44211
64455
61547
86955
77186
32753
95641
37387
52601
27193
48935
21137
46908
89636
51770
31020
57461
51072
12593
50870
87750
22673
91972
57638
17141
8866
22943
24131
35499
91159
74827
38643
58236
3983
48705
10416
60873
329
37918
2631
95997
42345
17286
19402
49520
51491
19564
59940
89820
6212
65170
8103
62559
88199
5975
36850
56191
17865
39755
67054
40911
22101
48642
20352
56094
7606
60050
34430
37921
63362
86412
92406
21470
15846
16420
46
51678
82497
28635
79430
24900
26095
18043
71816
79894
78856
27261
49008
57761
79833
21592
17391
86094
84757
85473
99557
27619
67039
39614
51134
39330
88996
38449
81304
19421
19458
48516
98604
98162
11967
17255
83680
59624
31565
62772
75992
82373
39877
29200
80874
49052
2169
33291
8254
17288
99605
31685
25251
44518
11996
36668
68650
57478
72299
34131
36777
53712
53123
92164
95718
9051
58089
96831
82589
23249
57762
81307
99216
63199
43235
67902
8869
23282
18037
30462
46571
92166
66229
64862
13421
92462
62414
3928
59376
83959
91355
85715
67293
35316
76150
20434
36034
32246
19271
7638
72783
86549
61050
27532
20301
52847
46692
36149
6061
90083
89864
13043
8077
44695
73516
4228
57219
53511
66919
86141
23364
57445
84793
28818
63472
99046
23204
67043
79947
47940
68412
91340
60691
70320
70331
87933
61028
65418
44235
74725
10121
34922
74468
27870
27892
61710
27039
76143
74745
10025
90692
29306
16284
12475
70115
13455
20879
27988
89948
97777
67446
23891
12555
87698
73075
24971
28527
12000
94154
85687
78521
10772
44163
99785
38001
31586
88408
54268
44626
77004
97682
7038
55204
46152
4575
76211
46352
93109
86036
27549
44824
6651
84705
84306
77176
34796
15017
89781
75938
92279
43765
69798
9458
98616
19836
73829
99678
97271
51402
56311
43236
84034
83942
93408
31131
9686
88167
56973
24516
20706
4770
18652
4662
37219
94509
49524
18207
17319
44224
6957
57262
40482
79144
73036
60264
82489
24243
41679
78617
88604
99028
50749
27759
11292
9313
61309
26948
86696
17304
16958
55276
45752
42082
24076
11726
30885
49824
24989
62240
51501
35159
42993
41502
61226
15428
85450
88511
91236
87687
23292
40668
91811
14499
62063
54315
42688
8169
8191
59825
24972
75148
16215
66092
82636
64546
28293
61010
59538
13411
61976
42499
94594
67838
43800
35242
51212
36040
43408
63563
23527
38643
5513
42885
7628
63975
5698
68439
79030
26402
10464
62962
25445
40282
88349
85524
25057
49812
95912
74791
56217
49805
79820
45008
78129
48853
37778
92398
46852
80653
84031
23261
49375
87216
98433
6148
540
2910
94813
24437
1819
90280
13117
42204
20604
10329
27746
67903
64498
9396
32885
27926
66681
49016
36224
79619
9101
77197
65837
62277
72404
4353
64441
97955
63280
87060
61285
30014
24351
59076
3587
64709
30254
62947
25212
96199
58416
72670
44141
88899
71798
68130
21289
30450
38620
73488
17012
60334
56280
45979
43561
91817
87942
69040
90749
83797
18204
5410
84370
933
25542
52867
95397
8805
36198
49699
7632
68911
80201
58236
50692
36174
64161
29207
31637
8473
36920
21862
23352
24285
79703
50999
33982
18329
7358
68020
62586
59672
76079
97763
24947
20907
13468
46428
32951
26026
64593
95042
79195
59228
82528
56753
76892
8791
26391
28152
39547
31151
36723
72630
47596
72427
88088
22
72046
72906
57875
22571
2696
83955
91717
95907
30041
49589
14018
76724
27864
66934
90783
49478
25072
77162
59014
20379
20728
53443
22842
1806
87447
55488
22274
6143
88939
52427
38910
65051
10506
15474
69546
41203
41221
45238
52036
59610
5256
49366
77744
11188
60014
73685
40133
2533
93151
16874
17411
44877
36315
67274
61928
6985
13420
2918
29860
34164
98402
93217
3172
69682
35088
86936
26666
43263
63663
51037
51773
7988
58943
36542
74656
65879
23099
95444
5882
32787
50473
47500
48747
14995
76806
81701
10489
87109
64664
47171
17371
3188
24465
75709
5886
92207
57708
65356
30747
38085
45415
84644
71796
7562
14209
42360
62131
62270
92996
10502
52813
53856
37556
21155
64359
14359
91077
33607
78234
82030
18721
50328
39674
75060
10407
82459
71195
15960
47260
19251
20039
47443
31591
16130
89215
77282
47742
81349
63870
32260
17005
20693
22144
86447
56691
98613
30752
47709
95112
44497
22212
44885
82877
53231
48503
42265
84702
57119
45152
64257
6993
59091
9098
96246
4424
6089
76757
52577
81549
3736
34400
32588
37997
14064
76662
62548
36263
211
14969
77415
30183
65911
80090
48366
8332
72941
98302
51480
98346
76400
78304
37349
43857
60781
59088
40859
5598
22938
36215
96742
47448
88988
96891
4529
24068
98888
28098
51068
1785
19069
14841
33036
18835
88063
69184
86772
13376
68854
55742
56064
73041
20672
33875
32937
81089
74564
32033
58380
8545
1167
32152
92224
9117
59967
39642
26981
6731
43539
25534
47493
17467
11640
22348
70546
28902
98904
28071
60312
24446
71042
45488
65316
80506
55705
22669
60130
56820
46871
35982
57719
41961
53655
44985
58802
92461
63560
58336
12046
19796
30630
40010
32477
91530
6981
94092
6186
49730
54635
13193
88334
85347
40264
329
48360
63922
95398
35768
13380
52789
8441
22529
58296
93777
82208
63437
84398
76405
4665
97515
38892
5035
61153
15116
79990
77991
95813
40079
50850
65734
8386
84726
1197
67181
78463
96378
15882
47964
9835
93385
1950
64517
444
6067
76833
74771
95787
50589
1302
57687
48795
6318
22636
44235
49009
93830
94578
85636
6984
9753
16433
79868
96962
26350
73315
78040
36216
12869
91309
79058
54735
1200
97711
7553
77440
3477
26992
8464
40297
69145
77250
31666
18164
21410
33038
31649
25471
18611
11625
11752
51014
35909
74453
82802
60090
33995
61994
56626
16640
11243
79662
47493
38683
19705
58320
61274
78176
17607
52079
69439
50547
89032
79327
55778
61046
79764
62510
73426
82193
25624
14980
65535
96071
30633
45633
33958
94612
20627
71999
23726
16438
32714
89772
41563
34158
97827
11435
8505
13478
67874
68412
29949
28680
70612
72955
93530
43546
62798
26097
89077
25915
74657
21125
89320
95123
243
16335
91852
30779
16009
30663
86859
72839
36739
27840
2005
83508
21702
63467
95061
93730
60318
13071
62267
90227
32821
69363
77773
15181
32511
92343
88567
46281
12865
58155
36637
64196
73828
70487
44828
34564
5555
38800
3747
67338
71701
27525
68303
96846
6551
85407
57214
29268
53798
33428
72536
27929
73913
98571
86069
36922
71815
32454
3368
89020
32385
37925
7520
80221
50513
61904
51175
69107
66941
64976
66711
80794
19017
45144
17163
45196
31234
59890
74554
80115
64844
45038
72113
68678
4839
62563
98916
38025
17374
93012
37171
75955
88699
5677
41840
30957
53702
22532
55348
16424
88176
38635
59336
52391
88574
54217
82637
85264
40319
27375
26147
97454
12368
88330
98029
30603
85552
72828
9561
55262
18693
93431
62249
34167
53460
4978
23885
54296
55577
92596
79760
62306
65525
81667
18575
42137
54133
96327
39713
64836
45451
99517
99801
98766
97358
25551
28439
37149
4506
47727
87839
31551
13686
94921
82951
539
44785
34942
7554
42877
64804
51921
96345
64552
38280
54130
90981
2110
60926
75006
45796
902
19590
25279
16408
67627
41380
51567
84968
3767
74793
51592
54222
19427
28338
64182
33198
32895
7396
29603
67951
39504
85146
11727
51505
56692
14824
77487
70475
12371
96146
60313
13469
59417
99590
4421
79212
72339
58289
16050
12068
4490
31580
26025
2206
8377
99178
5824
37889
40840
94471
24567
426
22658
60645
60272
41027
16131
84022
13388
70364
16004
3987
18173
16988
63823
3917
96692
45235
8200
50460
69065
29753
3021
39910
47661
16188
93872
71165
67963
79651
869
13650
91016
39994
39433
95797
58523
19885
31373
74560
33552
4225
69613
64884
72243
65572
50652
63519
41242
89732
45515
53303
58037
26462
86827
9791
62836
1353
47219
44762
30510
3343
42998
27670
48979
73757
29618
30745
11684
98881
36471
16944
15129
77461
4111
17992
50076
30624
811
66732
47636
47267
8088
8640
9702
89275
93189
89955
59928
33144
43363
26924
67467
89589
83037
73527
78438
93947
6376
84507
38969
15872
67221
1136
59995
29712
33842
28272
74948
36492
26810
85514
41002
89442
91715
73906
92953
22619
84978
34714
8323
73208
44711
28301
17067
93551
90902
729
87858
60220
95945
78881
2628
15690
28329
57261
70279
8499
87576
5564
48315
84512
21182
28436
63542
97430
13856
75104
43480
25816
59632
83592
46028
1467
6727
22579
88346
60328
60113
9228
88333
16543
36569
47166
82481
33481
10401
58678
37803
3356
35177
53610
34435
90925
93732
67585
21993
19653
94268
66329
73805
26711
85665
85483
51550
25840
49884
77301
54953
87107
98787
13315
29273
296
96251
5142
53559
17325
31443
39770
61195
90339
51682
66783
73630
29545
50317
51016
28469
25623
97203
98915
31353
17320
7183
11832
78658
89537
5554
20088
18658
55480
24389
79165
1118
17844
78990
6240
73246
53295
68084
4197
97272
86403
13675
6877
56699
45648
78223
65568
79136
24559
59445
31576
47249
70183
94070
20660
93266
46049
83474
88683
52569
51822
15760
84520
20092
93863
91941
48439
66017
53704
68381
33117
86014
7724
67200
39100
80945
70624
33080
31666
62024
26814
1259
73986
69201
26176
91571
52951
61318
72593
9433
33408
56531
29190
42401
48316
42953
36723
97578
1381
96999
20943
99741
19065
99150
403
61220
68311
54149
3877
73285
92970
44341
38296
77494
65218
45790
80353
58347
44626
43055
61249
68100
63644
72259
38797
68339
81237
97667
79042
58938
60326
98234
54404
22282
30245
24371
72966
64503
19429
23202
2058
48433
10197
22605
31437
22885
27240
66603
66358
55555
64875
55135
71800
6468
15249
71335
1897
13777
94785
73986
33136
2890
67243
75606
66604
18427
43927
11929
34921
32769
12876
39823
43379
72859
41619
91196
38944
39963
16748
56076
84035
64175
20697
72680
4255
72832
51991
16935
32831
22169
99805
76322
73878
7063
51134
28473
9041
95056
6672
44659
61938
70380
14326
41743
83974
37765
92464
81694
8500
97235
1914
30916
40567
59358
29681
74932
69634
56384
98361
31476
17048
97791
56180
43203
1701
14008
33181
77536
51327
50717
66653
57594
52125
46933
1878
87743
74295
91931
35351
81719
72745
93804
15180
59674
87222
14475
69112
28371
98871
14358
70844
28930
35883
93390
27341
25742
4449
35336
22534
61177
97159
39374
56542
47590
32060
1940
28372
11842
67508
46106
906
50650
10860
32723
62834
90445
51031
42539
25901
36327
37773
95709
96750
22502
89184
3569
9053
34839
2761
21667
5475
17380
86449
49904
15918
21606
31050
19735
83583
86184
21549
73411
7866
71357
29824
85557
7079
30622
1810
43960
69760
14202
63183
43495
26396
65066
61750
27220
76796
59495
19674
13764
75864
48979
58535
29231
47687
54314
70959
34036
44798
52266
10718
10716
49417
25880
70758
91061
11773
68258
74207
18126
6536
22304
63008
88041
3746
43461
79004
31151
91094
57928
86217
55583
55063
854
80293
68212
78987
67692
33406
57030
93016
71145
18810
46858
92584
21543
88356
31731
11503
13236
67424
63598
89684
98326
11614
67995
74820
59950
9790
22177
67882
19478
64934
93711
35344
33749
98069
395
22606
67678
46158
18235
97113
91252
19909
88882
5265
73964
47095
2847
38486
41751
33429
79820
78705
82786
75705
90929
77850
69490
642
1249
48641
2142
5139
65309
13403
57666
50752
75983
57170
64792
61192
10724
34231
88269
64477
2596
86164
17854
17633
75038
1728
82971
48820
36620
61653
7544
6580
62897
39662
70015
78256
68171
30916
62968
55396
62249
45499
94874
32706
86558
48375
39575
5982
39098
33431
90706
51487
3973
92953
69222
28545
54005
47250
6168
59491
90652
9162
50022
73167
88053
73776
46453
37125
95197
11302
18576
19735
23186
58565
26188
80303
20272
14659
76786
62681
3720
19010
52579
86482
75552
64619
92661
74790
56726
54959
22235
81440
1762
87287
82712
23083
94033
97694
83805
5194
12692
81174
36955
48811
75620
30112
16532
54051
71389
68030
15391
49767
17749
70716
29000
45018
16512
22118
27919
72515
34863
45610
43877
58397
74276
25816
63349
45280
84526
42991
9637
87478
5872
20854
72765
91169
43746
13748
96038
34186
85605
20197
20683
86229
67084
12588
52475
71924
58961
46371
42827
64707
85026
33024
37249
64520
66373
76283
89457
34473
78067
24236
81717
42545
90055
73660
47609
605
41476
85521
99946
11304
25246
91663
70547
10890
98928
14669
99043
95127
22271
61658
12535
80175
34484
78576
61468
81986
56492
91895
86729
33408
33042
69784
88752
5106
12394
37200
24099
4649
75510
56371
65440
43972
1532
15871
12172
54650
48718
73805
34624
58792
5340
75055
75443
48937
37531
30135
96744
87186
69376
1224
51262
89029
44509
40388
2794
27409
42237
23950
42341
98386
49209
50213
12919
62992
62934
34568
84915
33593
24071
32611
78658
94933
54737
49331
90377
4428
8670
55528
27025
93152
58095
36168
37690
73764
11664
87614
51669
10871
4354
55318
64697
52400
24535
1872
59851
90416
33350
40801
99714
12464
58560
37052
33270
22376
61107
86567
79151
46646
4925
83871
42250
97531
37530
11168
69812
71045
90923
88977
30698
53032
39180
59856
59018
11383
74751
51438
94613
33788
53853
48299
44581
54403
74669
5375
4074
29145
8243
22557
80450
69922
64763
65852
1337
84899
16447
45068
53626
71447
58928
71187
32355
62909
56760
21064
59401
51196
81789
27678
4610
45247
88976
70099
96748
97721
68277
29058
8010
75077
49369
80123
72355
44163
44451
75444
3158
7157
96843
98340
12188
9034
99984
60205
55901
89557
43440
75613
91812
60094
25632
52181
19029
70688
44503
90749
40939
93866
8298
86279
8969
63309
27701
58973
11511
6844
98863
5048
27538
87479
63134
89062
27027
25686
36665
59292
12263
98905
99751
39767
4254
74337
34472
69889
68564
18055
30678
21580
35132
18465
70774
42327
28175
30021
13488
63215
43595
52709
14667
2715
79335
48183
54942
51046
77774
46767
13986
30196
25003
14881
26791
27929
82894
17809
8358
93079
19604
97307
8255
28305
97571
522
8096
54980
42965
67378
5340
24098
22295
35667
16855
17143
15910
74353
80951
51227
84598
53200
79282
45953
51409
10886
82394
58153
36153
42586
55940
1173
5228
91952
93864
88969
69622
57729
58431
74854
84549
29371
15383
83236
47485
55386
91164
17416
76702
19052
19700
56002
18867
8031
32251
27797
83790
67575
25150
5784
61453
11069
22012
67947
79712
95738
86445
85786
99680
28902
3864
7302
41035
25323
76830
71387
49831
989
99987
43687
31515
44513
83026
69523
77218
26146
53531
35186
77548
48648
30772
36040
43044
20277
5891
76163
50792
55445
33225
56817
8056
58334
20747
12655
41559
54110
59823
28625
41945
79281
35804
39985
37764
7482
4385
11182
63382
22457
57734
81987
47595
11953
58381
5203
11768
47808
54195
64259
11185
54827
54462
16324
98039
75376
60718
89678
59234
67674
38548
50683
31053
30588
38952
69342
20067
2979
79247
71696
62081
59644
4420
97118
91677
34618
16533
45473
1631
91207
3510
50802
31086
88427
28970
24290
93770
1041
11061
47686
53250
66252
2213
99420
1386
11235
21316
22114
35169
68022
28800
21733
18816
86407
6640
32213
54493
84428
26445
8289
70679
51395
14291
5603
76572
29386
96446
3560
13362
79308
80544
27996
71092
38616
98830
39744
41976
62460
50267
92730
15445
99717
63776
933
88931
88363
65382
20361
50613
91620
86560
55563
23048
80701
51625
66538
94443
62130
60057
20372
86992
11926
50916
22958
64604
49716
96997
71366
56062
83006
83784
2020
40221
19281
301
15800
1339
56960
14243
10956
7020
78253
44149
47423
79963
9237
97629
5929
70080
72860
62771
47444
91655
72701
124
65077
43730
31945
29825
24356
77108
76723
63414
96253
27543
8635
39529
12801
88389
70745
16962
71252
27175
48425
92909
96895
61696
9684
46461
33580
5631
26544
96517
89196
17434
50502
7965
75321
95050
43929
9533
4521
50443
52223
33063
3338
9210
88154
79855
85995
41637
37756
94564
23050
22731
48971
64168
7516
35657
81148
33851
88985
60318
67510
85899
80723
73808
4778
47016
92078
20002
47544
57402
6806
51158
47144
59474
30335
39219
31803
69714
30256
94830
4507
73693
8830
46081
45390
58025
57769
79195
40587
53402
91947
66782
7339
92240
35275
78687
83939
26508
41065
3451
17677
39627
75017
26262
79393
30726
76935
39786
97009
80904
60186
63139
83921
92688
54138
39942
21177
70387
56539
96136
78724
19629
21385
91551
65752
50180
58619
44192
50941
77444
91491
7290
78148
17033
33858
13540
51385
40238
48224
91454
67756
90819
97862
37257
11276
38379
32259
21246
84434
7233
60293
73620
88174
2406
15238
89219
98874
31128
1830
2185
1538
24120
42243
83633
36828
7971
84097
85254
83755
98313
69501
17177
1297
78091
50717
7291
21259
74129
95591
17706
74656
99918
35101
47191
53306
49653
85968
78203
14744
72853
38030
56555
47441
91452
18629
1607
58383
20560
42179
29122
68858
55060
97497
62059
59681
25423
19165
53610
37541
62838
28986
86560
47536
29862
72883
29698
34935
22642
72556
64020
35030
17372
99411
18573
77979
78322
88787
53169
50827
20453
93628
10327
39950
74976
44444
97787
34259
5814
8770
53806
42580
36801
55498
45015
35908
487
84287
7302
20306
28332
73702
10962
16049
41138
78902
78366
45837
30684
86727
81403
27978
19908
25434
70743
31553
65246
86570
31813
3917
54108
75326
85405
97950
25215
44901
14549
71959
64202
82031
79130
41674
24986
33982
62284
50203
96505
76398
63304
74325
50609
80970
61014
92274
91758
35804
53534
27709
59912
23774
41053
91050
48383
30973
32254
74446
97578
12183
56677
39107
65981
58998
12097
2201
79985
38581
97440
23373
65807
49648
84634
60247
13810
60471
55340
950
3660
28477
96735
58443
77138
13353
94108
91169
62828
11989
11331
72834
57528
93159
81166
56332
90546
79769
73329
941
92046
61221
70227
98825
36616
48380
55653
63950
21551
47465
48475
99511
14767
89337
82903
62445
37727
66833
33372
31805
86521
53770
64552
31583
63999
71962
2252
47670
71645
86387
96933
83869
55247
1430
25477
58666
83195
2736
27948
59148
80056
3751
35039
8720
91160
82770
5298
28358
2335
62879
80362
29556
40832
99790
16825
46491
57238
50102
40951
31090
27028
12251
23605
27226
90244
10820
68304
62158
9801
56238
17639
29465
62135
82723
41659
11842
75040
77366
18374
45675
69654
4317
4356
5099
99235
81226
25987
77125
52325
56220
44214
28360
8215
46479
53783
62080
64703
75366
80036
7916
23382
66134
58600
32747
20575
39874
88791
68398
1189
58388
46036
20809
55131
2112
72586
12104
63878
86651
75598
28498
78166
39120
63824
5483
72876
34664
97142
37499
41629
86321
30901
77265
6842
77502
18816
80751
14003
65441
50352
18271
26446
88098
61701
98404
31462
41920
67305
56729
89042
24524
1278
83590
38855
60150
35990
74804
10639
15455
85245
68824
6296
78993
20125
87156
11563
27331
36146
33942
98211
89831
41866
82624
49199
46090
70486
31105
36675
98129
21990
8400
19552
87767
76041
72517
44692
15170
21259
21696
78288
27795
91083
31179
14071
17789
19440
42429
49569
29422
60289
37545
44124
15773
15612
91640
56599
86368
72567
48067
87585
80530
82985
7967
49311
70634
5211
14842
62375
26565
44137
5550
25238
38003
53405
91857
51557
15069
17725
51336
96431
4225
82083
85537
72211
78100
67937
23314
76961
30451
97305
61430
95413
81425
84315
88852
29560
7583
738
35170
10201
76621
54368
56617
22431
28124
35296
46690
53160
76666
70785
43118
27176
52781
58150
90052
12231
49503
68485
16181
7596
97728
20080
91480
7030
31446
63771
59022
68824
72234
49846
92176
42615
30460
35616
7405
62106
58785
57093
33217
82454
5824
73783
74564
65179
62404
16940
19427
83651
60844
30935
42203
36939
9025
44635
25608
33087
5817
1497
53426
54833
87867
94550
47847
72793
35980
28362
92490
32348
96196
14146
99019
67197
36956
47926
89400
95976
13933
30387
20075
84743
50861
33744
25682
78368
3150
84562
95642
50156
36092
6535
29954
42332
31623
25199
98655
76176
21873
91869
42220
65456
92562
93233
96517
86627
18200
17702
15691
89374
94752
19218
61066
43684
55673
30764
72421
34967
10634
48429
41427
18990
90956
68986
3708
22130
34552
67621
59636
56882
59490
59659
96823
69565
28983
12574
77207
1542
23732
19896
79346
47490
10600
88702
34652
5733
17058
73476
98213
48939
42912
83003
57252
75982
92018
26250
64378
63429
84584
43637
70023
14211
2595
1781
8897
31319
77139
87715
64368
47242
6886
15660
8644
35353
4330
80747
13331
28574
94295
48258
76762
76264
70534
59685
83031
12758
83675
3343
51661
1487
63779
67279
535
56345
1466
75981
11859
38301
94481
71381
1789
68948
11848
42147
31363
54592
83337
6014
13321
64777
26918
28079
32162
26736
66363
82186
75515
67558
43130
54945
73696
57501
34650
18781
62799
39400
35189
36345
46627
85502
37443
25819
98669
96273
34197
69283
24769
47086
69141
38499
64895
71118
1076
1533
77806
31953
39247
28609
92444
84117
17629
36975
45954
88871
65692
20159
72875
49904
93216
94917
73941
73116
56984
81622
21004
11296
89449
52071
69139
29549
34541
77952
91774
80815
62634
71508
72434
9901
83891
24230
29431
80372
75801
33315
34673
59751
14626
60403
7918
32990
49764
2678
25827
58657
36253
22174
45108
98520
4640
50720
31359
78400
65658
52648
83484
38663
85572
86752
97589
24447
40609
55370
80697
24843
93618
56259
10064
9170
71789
13205
75388
89473
76957
43346
73594
24867
50134
22565
55228
91829
84773
2441
47103
96556
9180
1973
67293
