581
758
665
781
147
812
141
973
998
332
603
185
80
22
898
574
55
424
403
361
390
769
883
950
914
113
422
657
352
338
24
201
275
894
91
601
44
116
260
165
54
827
375
922
9
709
430
402
709
7
338
278
144
758
966
258
472
781
609
312
759
324
370
425
948
939
579
7
712
923
493
154
505
922
424
116
340
507
481
261
375
646
837
147
833
212
886
3
120
270
133
908
350
916
178
806
203
11
780
414
471
94
568
637
773
44
801
625
258
575
873
906
94
368
823
681
996
199
669
916
837
579
374
523
673
293
277
640
962
146
192
351
374
876
253
301
452
623
255
795
511
676
58
730
817
593
969
606
735
552
733
913
33
393
317
911
884
7
355
328
233
90
129
613
299
185
665
261
783
970
133
22
514
32
932
320
958
791
694
180
713
987
988
456
400
523
564
959
952
66
757
313
253
820
909
599
829
123
596
414
854
384
918
431
652
349
357
901
350
399
530
251
828
625
701
752
655
592
209
563
55
94
55
239
448
520
186
615
90
808
166
368
681
889
234
776
179
467
861
590
977
459
589
66
775
948
365
804
356
529
907
54
814
361
246
235
876
674
619
359
51
876
448
1
114
43
797
31
169
937
259
165
483
458
313
89
541
335
702
628
407
742
534
156
539
823
810
216
859
720
784
6
366
853
258
907
626
520
933
985
180
479
7
139
159
209
136
254
354
654
719
589
69
161
474
40
886
63
879
958
450
519
620
239
869
218
451
66
858
347
987
62
735
576
568
247
605
637
599
146
580
166
683
506
251
106
24
183
605
998
822
193
972
974
877
967
670
50
947
23
530
945
307
913
793
212
175
993
682
737
305
117
143
897
551
116
133
205
313
615
422
370
90
851
631
860
417
978
840
384
536
472
748
753
208
489
2
936
751
78
359
846
990
123
129
171
658
538
224
697
610
33
198
300
321
609
852
16
288
642
342
192
594
367
454
245
780
675
229
819
352
171
748
155
675
549
84
866
343
925
954
63
610
167
576
919
602
693
698
995
693
301
865
94
925
160
735
67
265
206
436
623
713
126
321
842
813
163
792
113
889
38
122
808
744
392
474
165
113
699
508
698
260
274
868
106
376
817
183
93
552
466
621
812
827
474
718
247
423
168
955
948
338
363
510
498
216
824
655
834
775
706
884
491
699
249
142
331
423
209
800
747
584
942
170
598
959
132
57
639
709
688
902
830
403
249
115
227
915
190
978
439
422
659
663
205
891
415
864
29
777
694
476
537
396
21
291
715
165
911
924
837
28
828
460
144
153
410
450
59
597
851
844
294
538
825
680
283
93
878
558
226
321
214
884
372
30
486
774
702
146
402
936
521
502
958
966
440
739
145
627
832
341
884
656
237
219
775
264
161
479
83
465
307
588
794
563
636
312
701
896
24
919
324
217
431
820
655
624
562
197
24
496
314
861
433
356
546
374
937
431
928
695
324
953
557
956
545
359
977
727
90
234
73
938
906
171
380
156
98
437
562
906
31
199
374
719
580
60
344
890
999
224
248
569
344
708
858
520
851
106
116
610
470
521
153
684
723
592
511
928
279
169
923
477
621
668
498
762
20
896
998
329
178
940
300
904
546
1
681
64
563
546
11
738
31
335
488
15
205
662
994
34
175
824
565
702
882
694
235
521
450
377
660
968
75
765
404
583
172
892
408
593
638
672
598
275
818
838
716
676
448
210
901
176
155
257
682
833
808
700
835
396
857
411
796
145
167
961
222
754
53
338
499
708
970
184
906
513
95
300
118
529
301
506
654
135
136
313
690
996
467
678
468
340
79
421
423
693
108
95
95
815
52
388
132
381
164
493
484
573
492
391
601
706
996
757
483
72
914
565
886
384
558
117
409
465
367
382
171
626
134
213
355
79
733
28
908
919
176
884
367
727
185
699
603
46
756
454
445
622
744
327
81
977
403
626
179
850
929
459
799
796
406
619
35
295
781
928
973
960
173
233
344
315
991
133
791
12
407
377
391
336
994
563
906
992
40
480
215
631
576
994
961
648
308
74
567
357
831
746
231
147
93
264
102
218
121
43
273
74
984
288
228
686
642
526
161
828
371
591
525
109
341
861
753
287
832
876
181
773
975
221
505
102
683
888
825
355
601
665
186
472
224
410
807
305
466
510
261
896
555
373
934
544
75
114
181
38
381
124
334
484
340
950
637
36
632
312
422
689
251
644
138
678
9
529
498
713
892
154
330
933
343
217
179
423
906
450
121
727
593
955
232
546
806
372
378
636
74
